62797

1137
6086
6104
1895
7909
1651
4973
6964
5989
6003
6859

2817
3841
5360
2614
1746
3507
1159
3226
4541
1007
3881
4243
1733
4184
2377

2528
2950
5635
3664
5782
4580
4672
5989
3426
5600
2057
2901
6175

48610

8330
9058
2953
10409
10515
6073
6772
2197

1454
1167
5647
5849
2001
1754
3536
1370
1518
1575
5506
3905

2339
2355
5373
5845
5561
2919
6506
1409
5879
4604
4714
2980
4867
1823

4103
20451
23221

3067
1509
7380
6207
1031
8739
1796
7860
8132

2552
4885
14523
4281
8129

8511
1435
4589
2922
9486
8125
9379
3055
3639

38740

16211
4294
7687
1712

10099
9368
7818
11449
3561
2537
11958

7674
6052
3795
3846
4678
3629
7318
6585
2001
7220
5358

9548
4062
7399
7033
11264

46275

2748
20038
7423

6073
3395
3001
1685
3782
4034
7477
2787
5189
4928
7834

6152
2078
3983
5973
3099
2668
5509
6790
5095
5716
3928
3651
4353

2324
4994
7860
6198
5793
8073
6584
3618

5454
4393
2767
3584
3049
1330
6495
2401
2032
6093
4161
2423
2227
1485

47294

3251
4899
4344
7427
5739
3455
7449
6505
5732
5556
4162

7382
6713
2642
3282
6120
6768
2510
1058
5668
3874
6522
2193

68177

1202
16326
5274

5407
4950
1632
7838
7200
2903
7157
7222
2700